10100000000 2
10000000000 2
100000000000 2
100100000000 2
100101000000 2
100000000000 2
100001000000 2
1000000000000 5
1000100000001 2
1000010000000 2
1000010100000 2
1000101000000 2
1010000000000 2
1000000000000 5
1000000000001 4
1000000000010 2
1000000000100 2
1000000001000 2
1000000010000 2
1000000100000 2
1000001000000 2
1000000000011 2
1000000000101 2
1000000001001 2
1000000001100 2
1000000010001 2
1000000010010 2
1000000001101 2
1000000010011 2
1000100000000 3
1001000000000 2
1010000000000 2
1100000000000 2
1010100000000 2
1100101000000 2
1100000000000 2
1100001000000 2
1100100000000 2
